3089
65262
0 1 1505.8102948182277
2 1 1039.7372396500136
2 3 447.8629210754773
4 1 769.9893072489684
4 5 1337.7294545329735
6 1 715.1671234065141
6 7 891.7814721191231
6 8 950.7910932946969
9 10 1171.0918446143387
9 1 1007.5737173809013
11 7 1684.2908308836918
10 9 1171.0918446143387
1 0 1505.8102948182277
1 2 1039.7372396500136
1 4 769.9893072489684
1 6 715.1671234065141
1 9 1007.5737173809013
1 12 1216.0246192785269
1 13 723.0356707922626
12 1 1216.0246192785269
12 7 1371.9613202467601
12 8 1463.0704073873753
3 2 447.8629210754773
7 6 891.7814721191231
7 11 1684.2908308836918
7 12 1371.9613202467601
7 13 554.3295830637944
14 13 1011.9203899675765
14 8 1556.122550588221
15 13 1323.7191876259371
5 4 1337.7294545329735
5 13 1369.373909170897
13 1 723.0356707922626
13 7 554.3295830637944
13 14 1011.9203899675765
13 15 1323.7191876259371
13 5 1369.373909170897
8 6 950.7910932946969
8 12 1463.0704073873753
8 14 1556.122550588221
16 17 488.01056297274204
16 5 1198.5509899372298
4 5 1337.7294545329735
18 17 608.2329381577533
17 16 488.01056297274204
17 18 608.2329381577533
17 19 881.5920958678164
17 5 1457.841308181517
17 20 517.137574126932
17 21 1133.7734776820914
17 22 1858.761814766856
23 5 1966.1621391642532
19 17 881.5920958678164
5 16 1198.5509899372298
5 4 1337.7294545329735
5 17 1457.841308181517
20 17 517.137574126932
21 17 1133.7734776820914
22 17 1858.761814766856
24 25 339.7514200989353
26 25 585.5131180675568
26 27 310.7250529935486
28 25 257.9821074832989
29 30 529.1941561880432
29 31 454.55194344899155
25 24 339.7514200989353
25 26 585.5131180675568
25 28 257.9821074832989
25 30 491.01202931186737
25 31 617.9859230674339
30 29 529.1941561880432
30 25 491.01202931186737
30 31 287.09698295500453
27 26 310.7250529935486
31 29 454.55194344899155
31 25 617.9859230674339
31 30 287.09698295500453
32 33 656.9725269185577
32 34 831.3686620426507
35 34 764.2282799593963
36 32 920.7759667780689
36 37 1058.8589093057365
36 34 698.803483641776
33 32 656.9725269185577
33 34 334.05416979179915
38 39 126.60223349078254
38 34 791.3778910535619
37 36 1058.8589093057365
37 34 1745.8605182142703
39 34 751.4875166199056
40 34 419.47367960742247
34 32 831.3686620426507
34 35 764.2282799593963
34 36 698.803483641776
34 33 334.05416979179915
34 38 791.3778910535619
34 37 1745.8605182142703
34 39 751.4875166199056
34 40 419.47367960742247
41 42 993.2669557307896
41 43 711.7459259033134
44 42 743.3369175105754
42 41 993.2669557307896
42 44 743.3369175105754
42 45 1090.0564138244467
42 43 282.0263403577423
46 43 156.7591101464164
45 42 1090.0564138244467
43 41 711.7459259033134
43 42 282.0263403577423
43 46 156.7591101464164
47 48 1064.0233976168868
49 48 770.4506342103488
50 48 922.1392674660158
51 52 2769.2473618415434
53 48 2503.48677122028
52 48 2999.1540686474573
54 48 3335.192407795978
55 51 2830.433739112923
48 47 1064.0233976168868
48 49 770.4506342103488
48 50 922.1392674660158
48 53 2503.48677122028
48 52 2999.1540686474573
48 54 3335.192407795978
56 57 118.77894997386261
58 59 843.4071173549112
58 60 444.17893368839907
58 61 305.9990889152267
58 62 377.5250637067635
58 63 258.9722098033229
58 57 545.6550501662314
58 64 122.10331247029654
58 65 421.23590956384106
58 66 292.12959107317505
58 67 435.86439023501225
58 68 222.40520690448903
58 69 550.3855274735704
58 70 355.2509662699094
59 58 843.4071173549112
59 62 475.5146257179475
60 58 444.17893368839907
60 61 140.29775860657534
60 70 119.02021589913892
71 69 158.8972454276554
61 58 305.9990889152267
61 60 140.29775860657534
72 66 260.29084369332463
62 58 377.5250637067635
62 59 475.5146257179475
63 58 258.9722098033229
57 56 118.77894997386261
57 58 545.6550501662314
64 58 122.10331247029654
64 73 137.196841412031
65 58 421.23590956384106
74 70 419.16448877020247
66 58 292.12959107317505
66 72 260.29084369332463
73 64 137.196841412031
67 58 435.86439023501225
68 58 222.40520690448903
69 58 550.3855274735704
69 71 158.8972454276554
70 58 355.2509662699094
70 74 419.16448877020247
75 76 91.42662316877572
76 77 28.36490353330562
78 79 668.1367857713692
80 79 785.1341994732722
81 79 887.0572717158666
82 79 781.7763925412063
83 79 449.8024346163282
84 79 626.1514830625649
85 79 6924.388636049435
86 79 1039.2228979101174
87 79 346.9422636467173
88 79 329.16428031075407
79 78 668.1367857713692
79 80 785.1341994732722
79 81 887.0572717158666
79 82 781.7763925412063
79 83 449.8024346163282
79 84 626.1514830625649
79 85 6924.388636049435
79 86 1039.2228979101174
79 87 346.9422636467173
79 88 329.16428031075407
79 89 304.39930194214486
79 90 767.5880803678414
79 91 583.8046223886888
79 92 373.85603496615846
79 93 716.676400416013
79 94 356.55862580856285
79 95 850.5772910072169
89 79 304.39930194214486
90 79 767.5880803678414
91 79 583.8046223886888
92 79 373.85603496615846
93 79 716.676400416013
94 79 356.55862580856285
95 79 850.5772910072169
96 97 340.67084804090075
98 99 525.2923815077629
98 100 731.218498581368
99 98 525.2923815077629
99 101 937.7567580796035
99 102 585.4905802231867
103 104 733.005204473369
105 106 744.0236329696198
105 101 422.5853098037126
107 108 194.38045153372937
108 107 194.38045153372937
108 104 876.4828733340082
109 102 502.078072480602
104 103 733.005204473369
104 108 876.4828733340082
104 102 288.5029770652491
104 110 436.08261036106256
104 111 537.3931981066074
104 112 1119.5223923612773
106 105 744.0236329696198
106 97 710.7046648762681
106 102 523.0318090939776
106 111 271.4672274217386
101 99 937.7567580796035
101 105 422.5853098037126
113 102 423.0568304174759
97 96 340.67084804090075
97 106 710.7046648762681
102 99 585.4905802231867
102 109 502.078072480602
102 104 288.5029770652491
102 106 523.0318090939776
102 113 423.0568304174759
102 114 172.79683161402548
102 111 254.67234351444296
114 102 172.79683161402548
100 98 731.218498581368
100 112 349.6485829384701
110 104 436.08261036106256
110 111 101.61057169302812
111 104 537.3931981066074
111 106 271.4672274217386
111 102 254.67234351444296
111 110 101.61057169302812
112 104 1119.5223923612773
112 100 349.6485829384701
115 116 299.56137834069534
115 117 235.10015590159972
118 116 251.53258296592224
118 117 176.90266529729928
119 117 325.05616992815845
116 115 299.56137834069534
116 118 251.53258296592224
117 115 235.10015590159972
117 118 176.90266529729928
117 119 325.05616992815845
120 121 26.402546990863023
121 120 26.402546990863023
35 37 2147.328302893156
35 122 400.2414788615967
35 123 1129.0256108625867
124 125 3597.4582771664013
125 124 3597.4582771664013
125 37 180.05701025257275
125 126 646.0390637220038
127 128 340.614464871111
37 35 2147.328302893156
37 125 180.05701025257275
37 129 3207.6583772456447
37 126 825.313756056456
37 122 2444.579088708415
37 128 373.3112560326207
129 37 3207.6583772456447
129 122 763.3746834678585
126 125 646.0390637220038
126 37 825.313756056456
126 130 4874.093386480416
126 123 409.3195051980258
130 126 4874.093386480416
122 35 400.2414788615967
122 37 2444.579088708415
122 129 763.3746834678585
122 123 1511.4486100241877
128 127 340.614464871111
128 37 373.3112560326207
123 35 1129.0256108625867
123 126 409.3195051980258
123 122 1511.4486100241877
131 132 1991.0449803025863
131 133 1203.6325196379673
131 134 1085.3541689672534
134 135 1001.705217212426
135 134 1001.705217212426
136 137 1415.9488105626704
138 137 3336.8726305814785
139 137 2181.373969092089
140 137 3647.575255195825
141 137 2563.8469922530853
142 137 979.561399128837
143 79 2633.0189870466684
143 144 1701.7862942001175
145 137 297.2717763883006
79 143 2633.0189870466684
79 137 2373.2513978889488
146 137 601.9234744920769
147 137 3908.1334350210814
148 137 1136.8950662169207
149 137 1340.3117007105168
150 137 1930.6076921193076
151 137 1092.280138311068
137 136 1415.9488105626704
137 138 3336.8726305814785
137 139 2181.373969092089
137 140 3647.575255195825
137 141 2563.8469922530853
137 142 979.561399128837
137 145 297.2717763883006
137 79 2373.2513978889488
137 146 601.9234744920769
137 147 3908.1334350210814
137 148 1136.8950662169207
137 149 1340.3117007105168
137 150 1930.6076921193076
137 151 1092.280138311068
137 152 2811.030042675669
137 144 3220.2115406274784
152 137 2811.030042675669
144 143 1701.7862942001175
144 137 3220.2115406274784
153 154 527.6919588557877
155 48 555.7014359252639
156 157 448.1547589015841
154 153 527.6919588557877
154 157 548.669429837546
154 158 633.0551334423601
154 48 539.2575698112942
157 156 448.1547589015841
157 154 548.669429837546
157 159 663.0226319797496
157 160 752.5712454064256
157 161 605.9847586623473
157 162 600.0629951312283
163 164 851.8928548312897
165 48 522.4323188510672
159 157 663.0226319797496
158 154 633.0551334423601
164 163 851.8928548312897
160 157 752.5712454064256
166 48 335.57558707900404
161 157 605.9847586623473
162 157 600.0629951312283
48 155 555.7014359252639
48 154 539.2575698112942
48 165 522.4323188510672
48 166 335.57558707900404
167 168 593.201834054505
167 169 127.47614303767499
167 170 428.2339663705775
167 171 317.3451770661561
167 172 519.07543517068
167 173 406.27132195681355
174 175 97.95852441947244
176 175 353.43132309445105
176 177 366.04324389934214
178 175 233.34052635263947
178 179 220.02901128302088
178 180 387.7006190714424
175 174 97.95852441947244
175 176 353.43132309445105
175 178 233.34052635263947
175 181 154.8575839941918
175 182 513.4269160496041
175 183 392.5949776693178
175 184 285.7086916545393
175 185 309.62219100853855
175 186 284.8022350259465
175 180 316.58582559150426
181 175 154.8575839941918
182 175 513.4269160496041
182 183 196.77150017752572
183 175 392.5949776693178
187 173 222.2506393907899
188 184 168.43349539315778
188 180 192.21785319180813
189 185 630.7479169082781
189 180 291.6192523952143
168 167 593.201834054505
169 167 127.47614303767499
169 184 523.9551963338934
184 175 285.7086916545393
184 188 168.43349539315778
184 169 523.9551963338934
184 185 467.89951575056904
184 190 612.2848562200672
184 179 214.92106567771785
184 191 366.6366542035842
170 167 428.2339663705775
185 175 309.62219100853855
185 189 630.7479169082781
185 184 467.89951575056904
185 177 299.8849722411646
171 167 317.3451770661561
177 176 366.04324389934214
177 185 299.8849722411646
177 180 280.2127136362755
172 167 519.07543517068
190 184 612.2848562200672
190 180 529.713546676056
179 178 220.02901128302088
179 184 214.92106567771785
186 175 284.8022350259465
191 184 366.6366542035842
191 180 321.61783818695443
180 178 387.7006190714424
180 175 316.58582559150426
180 188 192.21785319180813
180 189 291.6192523952143
180 177 280.2127136362755
180 190 529.713546676056
180 191 321.61783818695443
173 167 406.27132195681355
173 187 222.2506393907899
192 193 2021.1435406788053
192 194 2025.5919489580567
124 195 1225.6891765610246
124 193 830.6128567271503
124 194 930.0477364905157
196 195 2008.7300423974848
197 195 2041.311911126852
198 195 2181.1930568711105
198 193 1868.4363151557116
198 194 1879.9773584641307
199 193 1944.4264688586286
195 124 1225.6891765610246
195 196 2008.7300423974848
195 197 2041.311911126852
195 198 2181.1930568711105
195 200 1803.0432876867753
195 130 2064.8094099117066
195 201 1746.0374868764395
195 202 1512.5962596573906
195 203 3347.5738531777943
195 204 1378.8967711711707
195 205 2166.5805942604425
200 195 1803.0432876867753
206 202 1321.0866372510213
130 195 2064.8094099117066
130 194 1773.4371444768894
201 195 1746.0374868764395
202 195 1512.5962596573906
202 206 1321.0866372510213
202 193 1126.9092678640811
193 192 2021.1435406788053
193 124 830.6128567271503
193 198 1868.4363151557116
193 199 1944.4264688586286
193 202 1126.9092678640811
193 207 718.8095196602809
207 193 718.8095196602809
203 195 3347.5738531777943
204 195 1378.8967711711707
194 192 2025.5919489580567
194 124 930.0477364905157
194 198 1879.9773584641307
194 130 1773.4371444768894
205 195 2166.5805942604425
208 209 81.43327480074062
208 210 285.29303467533515
211 212 75.36880000799329
212 208 119.710794290088
209 208 81.43327480074062
210 208 285.29303467533515
2 6 1234.4056999681584
2 12 1900.793196476374
213 6 2613.8927169856947
6 2 1234.4056999681584
6 213 2613.8927169856947
6 9 536.7176516143584
6 214 2980.3519136057125
6 215 2773.1965625379485
6 216 2919.8788900507857
6 217 2622.433384235626
6 218 2758.4709422685964
6 219 1999.7316827871407
9 6 536.7176516143584
214 6 2980.3519136057125
215 6 2773.1965625379485
12 2 1900.793196476374
216 6 2919.8788900507857
217 6 2622.433384235626
218 6 2758.4709422685964
219 6 1999.7316827871407
220 221 100.73282044157926
222 223 1439.661365129798
212 224 697.6247453682311
225 221 83.57308242838226
225 226 337.3799528507497
223 222 1439.661365129798
223 221 194.4728053442523
223 224 1016.7438462418563
223 227 63.43694620544865
221 220 100.73282044157926
221 225 83.57308242838226
221 223 194.4728053442523
221 228 229.31679917464191
221 224 895.8245207516211
221 229 259.6865973715674
221 226 258.7869792316952
228 221 229.31679917464191
224 221 895.8245207516211
224 226 693.646246851698
229 221 259.6865973715674
227 223 63.43694620544865
226 225 337.3799528507497
226 221 258.7869792316952
226 224 693.646246851698
230 231 1435.2816510433133
232 233 964.9902113944161
232 234 1221.804562220326
232 235 3515.20994355503
236 237 1462.449243480415
236 233 861.8681898953208
236 234 1024.3364069027507
236 140 780.7636465445171
236 238 1619.5868708983508
236 239 1481.969893775581
236 240 2483.938828565583
237 236 1462.449243480415
237 241 1486.0667842515243
237 242 1067.7067796928575
237 243 878.8985072209254
233 232 964.9902113944161
233 236 861.8681898953208
233 244 661.6802148267201
233 234 275.99045754328085
233 245 1276.3988671024408
233 246 1706.07944777773
233 247 374.23427206788307
233 139 1153.1059353085816
233 140 1327.9838775959865
233 142 2552.9365365164067
233 248 975.4434577925133
233 249 901.968120296103
233 239 630.2688046190277
233 250 805.7117956668405
233 251 711.4230434827098
233 252 1520.7404516397305
233 253 1428.483171260902
233 241 1187.9652012797883
233 254 804.7303780515316
233 255 1463.0232123259973
233 256 1460.2261249585715
233 152 1194.5492244820541
233 257 8479.245848467346
233 258 1299.2028627431014
233 259 1062.429293148
233 242 1261.0062654259552
233 260 1557.588879869648
233 243 1431.3643857212446
233 261 1049.035105404973
233 240 2311.59457176827
233 262 735.6634674287518
233 263 1332.3218256566574
233 231 561.6242002083429
233 264 868.9125370588761
233 265 474.10188402609884
233 266 1015.7106332551533
244 233 661.6802148267201
244 234 935.9387688261804
244 267 684.863671642415
244 239 1077.6415562069537
244 268 1760.0428404352915
244 269 748.9553584284861
244 270 634.5635865618162
234 232 1221.804562220326
234 236 1024.3364069027507
234 233 275.99045754328085
234 244 935.9387688261804
234 271 1126.3373976913897
234 139 1350.9141815302617
234 272 1172.8604990499543
234 273 1343.2833781549868
234 274 1275.4504382071348
234 140 1579.157571769534
234 141 1350.7458731342729
234 142 2563.981011694492
234 275 2202.723153995847
234 248 898.2058668308928
234 276 1007.3290572108003
234 277 254.01507580960163
234 249 1168.498273184864
234 239 616.7066874531168
234 278 1182.6453395793972
234 279 528.2609734714056
234 250 660.3794824556381
234 251 563.7908100717927
234 280 869.2487795829957
234 252 1262.501537131571
234 281 935.9899750427492
234 282 8691.579890635174
234 241 1422.994509886635
234 254 979.848291582716
234 255 1555.0151248288103
234 256 1702.738360526367
234 268 2133.384484940982
234 283 1303.4002411814656
234 258 1471.18399199383
234 259 1317.3837374920186
234 284 1646.5950889051248
234 242 1408.9997962898576
234 260 1832.6422976342028
234 243 1544.5532207099245
234 261 1126.5981931871922
234 240 2070.101184856516
234 269 1663.9183495583702
234 262 980.5195382241197
234 263 1571.1026744222843
234 285 429.35482797096734
234 286 334.62991792509354
234 231 622.3463753975861
234 270 1547.8151945922168
234 264 684.1151575950948
234 287 1333.9046888543417
234 265 720.6087918606315
234 288 1508.0227407964976
245 233 1276.3988671024408
245 238 1621.272763759207
245 270 835.3336689222691
245 289 1270.3292310295383
290 261 267.45822190198726
246 233 1706.07944777773
246 140 975.9893036981175
246 238 834.6394640448075
246 242 445.4886881527341
246 287 650.8713655605322
291 250 867.6624509462983
271 234 1126.3373976913897
271 268 1173.0781074608303
247 233 374.23427206788307
247 241 858.0541316748735
267 244 684.863671642415
267 231 1409.9490815728934
292 252 1262.1349360321128
292 231 559.7926348606336
139 233 1153.1059353085816
139 234 1350.9141815302617
139 140 1520.3421699809523
139 253 1559.7258509247345
139 289 380.23117248512466
272 234 1172.8604990499543
273 234 1343.2833781549868
274 234 1275.4504382071348
140 236 780.7636465445171
140 233 1327.9838775959865
140 234 1579.157571769534
140 246 975.9893036981175
140 139 1520.3421699809523
140 279 1393.364237962715
140 243 1027.701755548893
140 261 1101.3798558405217
141 234 1350.7458731342729
141 265 947.8713901622947
141 266 386.6930813970181
142 233 2552.9365365164067
142 234 2563.981011694492
238 236 1619.5868708983508
238 245 1621.272763759207
238 246 834.6394640448075
238 248 1842.1196326053848
238 253 1804.1852421719138
238 241 1668.4982848962256
238 283 1253.6375582152507
238 242 1230.6420665616545
238 243 1026.3083269280214
238 269 2024.6403417604645
238 262 1950.767164530448
238 231 1931.1863663917256
238 287 1481.6904023172156
275 234 2202.723153995847
248 233 975.4434577925133
248 234 898.2058668308928
248 238 1842.1196326053848
248 293 1521.7037342558262
294 250 591.7880436288732
276 234 1007.3290572108003
276 239 411.8626337157276
295 279 1196.0279372894013
295 262 792.389062068082
277 234 254.01507580960163
296 240 1065.2512756070969
249 233 901.968120296103
249 234 1168.498273184864
249 239 1349.8357768413496
249 253 549.173924364033
239 236 1481.969893775581
239 233 630.2688046190277
239 244 1077.6415562069537
239 234 616.7066874531168
239 276 411.8626337157276
239 249 1349.8357768413496
239 279 418.8647367390617
239 280 450.51411590791423
239 253 1898.6567583642416
239 241 1720.5145646489968
239 284 2072.283624632786
239 242 1882.211117356068
239 144 1840.5916803169355
239 285 832.1694979991748
239 231 1179.9586462448615
239 270 1533.3033384694877
239 287 1725.6126623345165
278 234 1182.6453395793972
278 270 366.8058170204259
279 234 528.2609734714056
279 140 1393.364237962715
279 295 1196.0279372894013
279 239 418.8647367390617
279 250 1148.6095137960658
279 258 953.5326120173983
279 269 1395.9509070231989
279 287 1326.2916503959652
293 248 1521.7037342558262
293 283 1516.175097684698
293 258 771.1317168464966
250 233 805.7117956668405
250 234 660.3794824556381
250 291 867.6624509462983
250 294 591.7880436288732
250 279 1148.6095137960658
250 243 1237.899949226652
251 233 711.4230434827098
251 234 563.7908100717927
251 297 684.6776213435644
280 234 869.2487795829957
280 239 450.51411590791423
252 233 1520.7404516397305
252 234 1262.501537131571
252 292 1262.1349360321128
252 231 1775.1099331936202
252 264 1311.2449796314017
298 231 884.1673800752894
281 234 935.9899750427492
282 234 8691.579890635174
297 251 684.6776213435644
297 241 1336.200961937803
297 258 1532.0874321032716
297 264 618.7039912066074
253 233 1428.483171260902
253 139 1559.7258509247345
253 238 1804.1852421719138
253 249 549.173924364033
253 239 1898.6567583642416
253 268 1325.155390092789
253 258 1767.919758430774
241 237 1486.0667842515243
241 233 1187.9652012797883
241 234 1422.994509886635
241 247 858.0541316748735
241 238 1668.4982848962256
241 239 1720.5145646489968
241 297 1336.200961937803
241 258 1768.685974182895
254 233 804.7303780515316
254 234 979.848291582716
254 151 1319.9544211926611
254 262 1087.7644979750776
255 233 1463.0232123259973
255 234 1555.0151248288103
255 285 1266.6244200439749
255 299 1027.135253921494
256 233 1460.2261249585715
256 234 1702.738360526367
256 235 3012.1428520267873
151 254 1319.9544211926611
268 244 1760.0428404352915
268 234 2133.384484940982
268 271 1173.0781074608303
268 253 1325.155390092789
268 261 1022.9902528245744
268 287 989.399812107396
268 300 7997.414507074833
283 234 1303.4002411814656
283 238 1253.6375582152507
283 293 1516.175097684698
235 232 3515.20994355503
235 256 3012.1428520267873
152 233 1194.5492244820541
257 233 8479.245848467346
258 233 1299.2028627431014
258 234 1471.18399199383
258 279 953.5326120173983
258 293 771.1317168464966
258 297 1532.0874321032716
258 253 1767.919758430774
258 241 1768.685974182895
258 242 2198.180849858268
258 269 1581.6387297606148
258 301 1267.0457198037316
259 233 1062.429293148
259 234 1317.3837374920186
259 285 1051.9957799209556
284 234 1646.5950889051248
284 239 2072.283624632786
242 237 1067.7067796928575
242 233 1261.0062654259552
242 234 1408.9997962898576
242 246 445.4886881527341
242 238 1230.6420665616545
242 239 1882.211117356068
242 258 2198.180849858268
242 231 809.4462272645449
144 239 1840.5916803169355
260 233 1557.588879869648
260 234 1832.6422976342028
243 237 878.8985072209254
243 233 1431.3643857212446
243 234 1544.5532207099245
243 140 1027.701755548893
243 238 1026.3083269280214
243 250 1237.899949226652
261 233 1049.035105404973
261 234 1126.5981931871922
261 290 267.45822190198726
261 140 1101.3798558405217
261 268 1022.9902528245744
240 236 2483.938828565583
240 233 2311.59457176827
240 234 2070.101184856516
240 296 1065.2512756070969
240 231 2103.8117218442717
302 231 441.18915708083085
269 244 748.9553584284861
269 234 1663.9183495583702
269 238 2024.6403417604645
269 279 1395.9509070231989
269 258 1581.6387297606148
262 233 735.6634674287518
262 234 980.5195382241197
262 238 1950.767164530448
262 295 792.389062068082
262 254 1087.7644979750776
263 233 1332.3218256566574
263 234 1571.1026744222843
285 234 429.35482797096734
285 239 832.1694979991748
285 255 1266.6244200439749
285 259 1051.9957799209556
286 234 334.62991792509354
231 230 1435.2816510433133
231 233 561.6242002083429
231 234 622.3463753975861
231 267 1409.9490815728934
231 292 559.7926348606336
231 238 1931.1863663917256
231 239 1179.9586462448615
231 252 1775.1099331936202
231 298 884.1673800752894
231 242 809.4462272645449
231 240 2103.8117218442717
231 302 441.18915708083085
231 270 1424.3685553276177
231 264 649.3637538876975
231 301 742.8647115394534
270 244 634.5635865618162
270 234 1547.8151945922168
270 245 835.3336689222691
270 239 1533.3033384694877
270 278 366.8058170204259
270 231 1424.3685553276177
264 233 868.9125370588761
264 234 684.1151575950948
264 252 1311.2449796314017
264 297 618.7039912066074
264 231 649.3637538876975
264 299 299.38465415197686
287 234 1333.9046888543417
287 246 650.8713655605322
287 238 1481.6904023172156
287 239 1725.6126623345165
287 279 1326.2916503959652
287 268 989.399812107396
301 258 1267.0457198037316
301 231 742.8647115394534
265 233 474.10188402609884
265 234 720.6087918606315
265 141 947.8713901622947
288 234 1508.0227407964976
300 268 7997.414507074833
266 233 1015.7106332551533
266 141 386.6930813970181
299 255 1027.135253921494
299 264 299.38465415197686
289 245 1270.3292310295383
289 139 380.23117248512466
303 304 379.7382213112096
304 303 379.7382213112096
305 306 392.22222328645194
306 305 392.22222328645194
307 308 1858.5143106592313
309 308 2167.1076430609482
15 310 1146.444956191859
15 311 1694.8322025205591
15 308 2368.6333777337977
312 313 645.2918252166947
312 308 2184.7641808253816
313 312 645.2918252166947
313 13 533.7502648728586
313 308 1644.0833387948435
13 313 533.7502648728586
310 15 1146.444956191859
314 308 1278.194245442115
311 15 1694.8322025205591
308 307 1858.5143106592313
308 309 2167.1076430609482
308 15 2368.6333777337977
308 312 2184.7641808253816
308 313 1644.0833387948435
308 314 1278.194245442115
136 315 1567.2668781448494
316 315 116.24404068749602
317 318 348.64945552723395
317 315 239.00489036465186
318 317 348.64945552723395
318 315 228.71469409478755
318 319 3427.034875706947
320 315 310.46343852736493
315 136 1567.2668781448494
315 316 116.24404068749602
315 317 239.00489036465186
315 318 228.71469409478755
315 320 310.46343852736493
315 132 3534.5499916618087
315 133 5227.502899994153
315 321 145.79810763355795
315 322 661.3403891040473
315 145 2640.5639706012616
315 319 3260.0404483887137
315 323 260.52639050061885
315 324 193.85900205834594
132 315 3534.5499916618087
133 315 5227.502899994153
321 315 145.79810763355795
322 315 661.3403891040473
145 315 2640.5639706012616
319 318 3427.034875706947
319 315 3260.0404483887137
325 315 192.30022622557578
323 315 260.52639050061885
323 325 149.8179644598301
324 315 193.85900205834594
326 327 383.15580290611643
327 326 383.15580290611643
328 329 8527.898195075515
329 328 8527.898195075515
329 330 8529.07397758617
329 331 7114.117897941463
329 332 6022.755343650005
330 329 8529.07397758617
331 329 7114.117897941463
331 332 1465.3081311545855
332 329 6022.755343650005
332 331 1465.3081311545855
333 334 1527.5320272036154
335 300 286.98781098026285
335 334 1544.6834488471798
336 337 3097.607018130241
300 335 286.98781098026285
300 334 1482.326271452286
334 335 1544.6834488471798
334 300 1482.326271452286
334 338 1676.7852905687148
334 337 1102.9504875249982
338 333 245.828333618332
337 336 3097.607018130241
337 334 1102.9504875249982
339 340 306.29917647847833
339 341 287.37666434488744
342 340 421.4194767471392
41 340 3156.7781521137204
343 340 1407.8669782500108
344 340 1542.1631716285528
345 340 768.8195397537289
346 340 898.0591263138555
347 340 1133.7098123055139
348 340 1047.8507826089572
349 340 1283.4925481045907
349 350 1447.3688698097349
349 341 1336.396122003285
351 340 1244.0114789334039
352 340 1273.9120873384902
353 340 458.79775734191503
353 350 669.5111133898589
353 354 1113.3595798067795
353 355 722.757483563355
353 356 2047.293449741886
353 357 1901.1066725769015
358 340 1055.65215105326
359 340 1769.5330702104548
360 340 1617.8437593406304
361 340 503.9846080205021
330 340 3363.0690550334753
362 340 1273.3365918631405
303 350 1830.9187066529034
303 341 2403.858006087411
340 339 306.29917647847833
340 342 421.4194767471392
340 41 3156.7781521137204
340 343 1407.8669782500108
340 344 1542.1631716285528
340 345 768.8195397537289
340 346 898.0591263138555
340 347 1133.7098123055139
340 348 1047.8507826089572
340 349 1283.4925481045907
340 351 1244.0114789334039
340 352 1273.9120873384902
340 353 458.79775734191503
340 358 1055.65215105326
340 359 1769.5330702104548
340 360 1617.8437593406304
340 361 503.9846080205021
340 330 3363.0690550334753
340 362 1273.3365918631405
340 331 2049.3260886091316
340 363 995.7592067584379
340 364 495.1843132248885
340 350 712.6841352064057
340 365 851.8611220733512
340 366 366.8413303193275
340 367 659.8490896983171
340 368 735.4391873101303
340 354 1123.6682165865298
340 355 1176.8290744192666
340 369 1909.137776705855
340 356 2440.508316913317
340 370 341.59450398374605
340 371 714.4871717696192
340 357 2299.442668172931
340 372 813.8779540216752
340 373 304.27197769149666
340 374 677.3627141385248
340 375 536.7841407677296
340 376 323.9027335602563
340 377 576.3588200594819
331 340 2049.3260886091316
363 340 995.7592067584379
364 340 495.1843132248885
350 349 1447.3688698097349
350 353 669.5111133898589
350 303 1830.9187066529034
350 340 712.6841352064057
350 354 447.291665719336
350 341 717.9147642401078
365 340 851.8611220733512
366 340 366.8413303193275
367 340 659.8490896983171
367 341 612.3168912711493
368 340 735.4391873101303
354 353 1113.3595798067795
354 340 1123.6682165865298
354 350 447.291665719336
354 341 1138.4375342991486
355 353 722.757483563355
355 340 1176.8290744192666
355 341 1133.517570615899
369 340 1909.137776705855
356 353 2047.293449741886
356 340 2440.508316913317
370 340 341.59450398374605
371 340 714.4871717696192
357 353 1901.1066725769015
357 340 2299.442668172931
341 339 287.37666434488744
341 349 1336.396122003285
341 303 2403.858006087411
341 350 717.9147642401078
341 367 612.3168912711493
341 354 1138.4375342991486
341 355 1133.517570615899
341 376 277.62686353626174
372 340 813.8779540216752
373 340 304.27197769149666
374 340 677.3627141385248
375 340 536.7841407677296
376 340 323.9027335602563
376 341 277.62686353626174
377 340 576.3588200594819
378 379 1541.9876313226653
378 380 1000.6173801116435
132 380 1685.2584553139084
379 378 1541.9876313226653
379 381 1004.1633282072618
379 380 641.5230292598029
381 379 1004.1633282072618
381 380 372.8829377699003
380 378 1000.6173801116435
380 132 1685.2584553139084
380 379 641.5230292598029
380 381 372.8829377699003
380 382 298.82853468883445
382 380 298.82853468883445
383 48 2164.1119374655905
384 385 3214.2705627601913
385 384 3214.2705627601913
385 48 3144.265852937934
386 48 1119.4677337039866
54 48 3335.192407795978
387 48 1197.4906747598563
48 383 2164.1119374655905
48 385 3144.265852937934
48 386 1119.4677337039866
48 54 3335.192407795978
48 387 1197.4906747598563
388 389 1737.7038161051369
388 161 2244.3623875466865
390 199 1605.7215722567962
192 159 379.10127526680236
391 156 985.282709451359
391 161 993.8059990574002
58 199 1187.9627600340743
58 156 1161.6188669495818
58 159 824.9478111030467
392 199 1951.3742045885194
392 389 1681.0245450952261
383 199 2430.445025647486
124 199 1131.9824037996912
124 156 1166.6279569832484
124 393 1366.6802736110944
124 159 1491.5578879789164
124 389 993.985750740061
47 389 1126.2627488620935
394 389 946.1378548343679
395 159 794.2894512503334
396 159 793.9546616140541
396 161 1015.1697258939298
397 199 940.6947394530579
397 156 992.3042422675628
397 159 1231.5151890388438
397 389 682.2677759586192
397 161 1147.5640679187143
398 156 1146.861357317743
398 389 1109.6620767480742
197 199 768.434667983768
197 161 903.6086559636552
399 389 485.1753301774016
400 199 1308.8639336325439
400 156 1362.112020678016
400 389 1026.4810663406308
198 389 419.2308541826609
384 156 414.756496319867
401 199 957.8088205840351
401 159 948.30232230073
401 389 757.431444847393
402 199 1299.1649024460853
402 156 1349.3928660905428
402 389 1048.8800456855113
403 159 727.3561523646201
404 199 1596.8430778053073
404 155 1366.9606607674707
404 389 1318.8900801362636
199 390 1605.7215722567962
199 58 1187.9627600340743
199 392 1951.3742045885194
199 383 2430.445025647486
199 124 1131.9824037996912
199 397 940.6947394530579
199 197 768.434667983768
199 400 1308.8639336325439
199 401 957.8088205840351
199 402 1299.1649024460853
199 404 1596.8430778053073
199 405 935.3315840746237
199 406 1615.0688957411694
199 407 1250.3299534782432
199 155 464.04607015144484
199 408 956.0409231704122
199 409 895.2040568106302
199 410 1949.1990822697198
199 411 1079.9324460702035
199 157 394.29839345139146
199 159 363.0338865049462
199 412 581.1430907710064
199 413 2249.9179843652846
199 414 1406.8947590666587
199 415 2070.888101546914
199 416 2169.554774705668
199 417 2222.9715981049485
199 418 705.1688111289926
199 419 1738.8470665851787
199 420 360.38096172470654
199 421 533.8608316333605
199 422 1849.207592105985
199 52 3172.4912877816414
199 423 698.9454433295513
199 424 593.4174525718503
199 164 1237.8055516827542
199 425 800.9159005833948
199 193 1944.4264688586286
199 160 1122.52699540279
199 207 1303.0376242683626
199 426 1485.5399495270817
199 427 510.15363782163985
199 428 834.6126545210942
199 429 833.3496800940529
199 430 2476.7206607930866
199 431 2312.460382063901
199 432 834.9487485814223
199 433 485.89219557968926
199 203 2028.9762196526299
199 434 1147.4368123591848
199 435 1676.0386501172081
199 436 1066.3688581140364
199 437 492.1323775803927
199 438 1507.2003903011532
199 166 544.4694146515162
199 306 3085.904705622011
199 439 1576.455048194577
199 161 462.8633387942646
199 440 709.3572265427557
199 441 745.4862803056529
199 442 668.1035053896262
199 443 965.2780589714235
199 444 1886.6702555815089
199 162 970.0480140164025
199 445 870.3289032283373
199 48 391.492881857616
405 199 935.3315840746237
406 199 1615.0688957411694
406 156 1668.8837702550024
406 393 1717.8354834391978
406 159 1837.8778082388915
406 389 1333.2660297114655
406 161 1682.7983040735267
446 156 701.3048476478823
407 199 1250.3299534782432
407 156 1301.7599813117065
407 393 1272.7814298858352
407 159 1372.7908765958123
407 389 977.4887250916721
407 161 1171.3858073800554
155 404 1366.9606607674707
155 199 464.04607015144484
155 156 487.4348065033887
155 389 423.5074677691441
447 412 512.2985833950958
447 158 461.11041827764484
447 207 1381.9795756387794
447 203 2030.9955448003027
447 436 1098.7750006558224
408 199 956.0409231704122
408 156 914.4894796248046
156 391 985.282709451359
156 58 1161.6188669495818
156 124 1166.6279569832484
156 397 992.3042422675628
156 398 1146.861357317743
156 400 1362.112020678016
156 384 414.756496319867
156 402 1349.3928660905428
156 406 1668.8837702550024
156 446 701.3048476478823
156 407 1301.7599813117065
156 155 487.4348065033887
156 408 914.4894796248046
156 51 563.3696180750279
156 412 575.2782073743755
156 413 2301.2669655760233
156 414 1442.1753012600782
156 448 866.9580872676801
156 420 379.747573931104
156 201 630.5501714601261
156 449 1440.3285033865768
156 202 882.4567810285132
156 424 645.1480276752413
156 450 829.3882611592418
156 451 364.42513328350134
156 160 1173.6982547775042
156 207 1341.0707532628653
156 452 701.1684171287047
156 427 543.4565390561288
156 386 1448.193402827279
156 435 1725.4731820942832
156 436 1118.5631683166578
156 438 1561.0382853195629
156 453 679.7090044294739
156 440 762.9844372927203
156 443 980.6225321225954
156 454 704.3763827341161
156 162 1022.5372344685592
409 199 895.2040568106302
410 199 1949.1990822697198
410 159 2304.8405830076263
410 389 1900.664291973329
411 199 1079.9324460702035
411 393 1200.057062971287
411 159 1325.1119161339961
411 389 800.9610059568216
411 161 1198.1736333596361
157 199 394.29839345139146
455 159 555.1105846023662
163 159 627.141887904666
163 161 552.0003436603538
456 412 572.9670939158841
51 156 563.3696180750279
51 159 866.6946414938029
393 124 1366.6802736110944
393 406 1717.8354834391978
393 407 1272.7814298858352
393 411 1200.057062971287
393 413 2260.7121249847046
393 424 762.1800489210071
393 164 1332.5982619208871
393 207 1529.6630613231673
393 386 1386.874528426305
393 203 1960.6459066172815
393 435 1665.8830168871648
393 436 1105.5588758695285
393 437 646.7037918197364
393 389 420.3259255870681
393 438 1588.3702208295422
393 440 796.8730539262868
393 441 686.9439756203403
159 192 379.10127526680236
159 58 824.9478111030467
159 124 1491.5578879789164
159 395 794.2894512503334
159 396 793.9546616140541
159 397 1231.5151890388438
159 401 948.30232230073
159 403 727.3561523646201
159 199 363.0338865049462
159 406 1837.8778082388915
159 407 1372.7908765958123
159 410 2304.8405830076263
159 411 1325.1119161339961
159 455 555.1105846023662
159 163 627.141887904666
159 51 866.6946414938029
159 413 2351.3781700652826
159 418 835.6155948506623
159 421 744.9410899827717
159 449 1779.6570435270326
159 423 810.2852924466723
159 424 893.5140265286149
159 164 1452.171168896707
159 425 1126.4000073791467
159 451 465.2303721410122
159 160 1415.1832743205807
159 74 732.4224787383383
159 207 1657.3840869817182
159 427 489.45111630632493
159 386 1473.3661326209437
159 432 991.3126831071237
159 203 2018.3788766878183
159 435 1751.1831164083362
159 436 1212.3372078991817
159 389 551.5705609182718
159 204 1277.0578821934664
159 440 918.652633102466
159 441 766.9465046350542
159 442 917.3221947206858
159 48 692.5875937964635
412 199 581.1430907710064
412 447 512.2985833950958
412 156 575.2782073743755
412 456 572.9670939158841
412 389 670.3447828769844
457 161 1118.08912529921
413 199 2249.9179843652846
413 156 2301.2669655760233
413 393 2260.7121249847046
413 159 2351.3781700652826
413 389 1975.9581950310746
413 161 2130.516744162678
414 199 1406.8947590666587
414 156 1442.1753012600782
414 389 1257.9937281798614
414 161 1774.558953286345
415 199 2070.888101546914
416 199 2169.554774705668
417 199 2222.9715981049485
418 199 705.1688111289926
418 159 835.6155948506623
418 161 661.8331971646501
458 389 778.7951227174002
448 156 866.9580872676801
419 199 1738.8470665851787
419 389 1485.648024154313
420 199 360.38096172470654
420 156 379.747573931104
420 389 372.1440757835351
421 199 533.8608316333605
421 159 744.9410899827717
421 389 755.7435299723933
421 161 946.6062211181082
459 161 842.5754769800282
422 199 1849.207592105985
422 389 1831.8087739994107
52 199 3172.4912877816414
201 156 630.5501714601261
449 156 1440.3285033865768
449 159 1779.6570435270326
423 199 698.9454433295513
423 159 810.2852924466723
202 156 882.4567810285132
158 447 461.11041827764484
424 199 593.4174525718503
424 156 645.1480276752413
424 393 762.1800489210071
424 159 893.5140265286149
424 389 341.9888318425473
164 199 1237.8055516827542
164 393 1332.5982619208871
164 159 1452.171168896707
164 389 954.3328409641917
425 199 800.9159005833948
425 159 1126.4000073791467
425 161 1085.938505815791
193 199 1944.4264688586286
450 156 829.3882611592418
451 156 364.42513328350134
451 159 465.2303721410122
451 161 373.50669456686944
160 199 1122.52699540279
160 156 1173.6982547775042
160 159 1415.1832743205807
160 389 866.0699399451074
74 159 732.4224787383383
207 199 1303.0376242683626
207 447 1381.9795756387794
207 156 1341.0707532628653
207 393 1529.6630613231673
207 159 1657.3840869817182
207 389 1138.5338788575207
207 161 1654.6903037042896
426 199 1485.5399495270817
452 156 701.1684171287047
427 199 510.15363782163985
427 156 543.4565390561288
427 159 489.45111630632493
386 156 1448.193402827279
386 393 1386.874528426305
386 159 1473.3661326209437
386 389 1140.11862584804
386 161 1250.9199691914382
428 199 834.6126545210942
429 199 833.3496800940529
430 199 2476.7206607930866
431 199 2312.460382063901
432 199 834.9487485814223
432 159 991.3126831071237
432 389 559.6559390617484
433 199 485.89219557968926
433 389 618.4038159506625
203 199 2028.9762196526299
203 447 2030.9955448003027
203 393 1960.6459066172815
203 159 2018.3788766878183
203 389 1797.3469524512197
203 161 1772.1357918415936
434 199 1147.4368123591848
434 389 883.3659856996278
434 161 1039.4280693924557
435 199 1676.0386501172081
435 156 1725.4731820942832
435 393 1665.8830168871648
435 159 1751.1831164083362
435 389 1413.0545745275606
436 199 1066.3688581140364
436 447 1098.7750006558224
436 156 1118.5631683166578
436 393 1105.5588758695285
436 159 1212.3372078991817
436 389 789.7316915969677
436 161 1026.789926640568
437 199 492.1323775803927
437 393 646.7037918197364
437 389 729.4637046576655
389 388 1737.7038161051369
389 392 1681.0245450952261
389 124 993.985750740061
389 47 1126.2627488620935
389 394 946.1378548343679
389 397 682.2677759586192
389 398 1109.6620767480742
389 399 485.1753301774016
389 400 1026.4810663406308
389 198 419.2308541826609
389 401 757.431444847393
389 402 1048.8800456855113
389 404 1318.8900801362636
389 406 1333.2660297114655
389 407 977.4887250916721
389 155 423.5074677691441
389 410 1900.664291973329
389 411 800.9610059568216
389 393 420.3259255870681
389 159 551.5705609182718
389 412 670.3447828769844
389 413 1975.9581950310746
389 414 1257.9937281798614
389 458 778.7951227174002
389 419 1485.648024154313
389 420 372.1440757835351
389 421 755.7435299723933
389 422 1831.8087739994107
389 424 341.9888318425473
389 164 954.3328409641917
389 160 866.0699399451074
389 207 1138.5338788575207
389 386 1140.11862584804
389 432 559.6559390617484
389 433 618.4038159506625
389 203 1797.3469524512197
389 434 883.3659856996278
389 435 1413.0545745275606
389 436 789.7316915969677
389 437 729.4637046576655
389 438 1223.1411541288583
389 161 516.5899688352043
389 441 545.6772011639093
389 162 691.9997683127019
389 445 611.437015831387
438 199 1507.2003903011532
438 156 1561.0382853195629
438 393 1588.3702208295422
438 389 1223.1411541288583
166 199 544.4694146515162
204 159 1277.0578821934664
306 199 3085.904705622011
453 156 679.7090044294739
439 199 1576.455048194577
161 388 2244.3623875466865
161 391 993.8059990574002
