3089
65262
0 1 3.3528417859561763
2 1 2.7099823995172603
2 3 1.8936040290696239
4 1 2.337916285860646
4 5 3.121006144183412
6 1 2.262299480560709
6 7 2.5059054787849973
6 8 2.5872980597168236
9 10 2.891161164985295
9 1 2.6656189205253806
11 7 3.599021835701644
10 9 2.891161164985295
1 0 3.3528417859561763
1 2 2.7099823995172603
1 4 2.337916285860646
1 6 2.262299480560709
1 9 2.6656189205253806
1 12 2.9531374059014164
1 13 2.273152649368638
12 1 2.9531374059014164
12 7 3.1682225106851862
12 8 3.293890217086035
3 2 1.8936040290696239
7 6 2.5059054787849973
7 11 3.599021835701644
7 12 3.1682225106851862
7 13 2.0404545973293713
14 13 2.671614330989761
14 8 3.422238000811339
15 13 3.1016816381047407
5 4 3.121006144183412
5 13 3.1646536678219266
13 1 2.273152649368638
13 7 2.0404545973293713
13 14 2.671614330989761
13 15 3.1016816381047407
13 5 3.1646536678219266
8 6 2.5872980597168236
8 12 3.293890217086035
8 14 3.422238000811339
16 17 1.9489800868589544
16 5 2.929035848189282
4 5 3.121006144183412
18 17 2.114804052631384
17 16 1.9489800868589544
17 18 2.114804052631384
17 19 2.4918511667142296
17 5 3.286677666457265
17 20 1.9891552746578371
17 21 2.8396875554235743
17 22 3.8396714686439397
23 5 3.9878098471231076
19 17 2.4918511667142296
5 16 2.929035848189282
5 4 3.121006144183412
5 17 3.286677666457265
20 17 1.9891552746578371
21 17 2.8396875554235743
22 17 3.8396714686439397
24 25 1.744484717377842
26 25 2.083466369748354
26 27 1.704448348956619
28 25 1.6316994585976536
29 30 2.0057850430179904
29 31 1.9028302668261952
25 24 1.744484717377842
25 26 2.083466369748354
25 28 1.6316994585976536
25 30 1.9531200404301619
25 31 2.1282564456102535
30 29 2.0057850430179904
30 25 1.9531200404301619
30 31 1.6718579075241442
27 26 1.704448348956619
31 29 1.9028302668261952
31 25 2.1282564456102535
31 30 1.6718579075241442
32 33 2.182031071611804
32 34 2.4225774648864147
35 34 2.329970041323305
36 32 2.5458978852111294
36 37 2.7363571162837745
36 34 2.239728942954174
33 32 2.182031071611804
33 34 1.7366264410921368
38 39 1.450485839297631
38 34 2.3674177807635335
37 36 2.7363571162837745
37 34 3.6839455423645107
39 34 2.3123965746481456
40 34 1.8544464546309274
34 32 2.4225774648864147
34 35 2.329970041323305
34 36 2.239728942954174
34 33 1.7366264410921368
34 38 2.3674177807635335
34 37 3.6839455423645107
34 39 2.3123965746481456
34 40 1.8544464546309274
41 42 2.645885456180399
41 43 2.2575805874528463
44 42 2.3011543689801037
42 41 2.645885456180399
42 44 2.3011543689801037
42 45 2.7793881569992367
42 43 1.664863917734817
46 43 1.4920815312364364
45 42 2.7793881569992367
43 41 2.2575805874528463
43 42 1.664863917734817
43 46 1.4920815312364364
47 48 2.743480548437085
49 48 2.338552598910826
50 48 2.5477782999531255
51 52 5.09551360254006
53 48 4.728947270648662
52 48 5.4126263015827
54 48 5.876127459028935
55 51 5.179908605672997
48 47 2.743480548437085
48 49 2.338552598910826
48 50 2.5477782999531255
48 53 4.728947270648662
48 52 5.4126263015827
48 54 5.876127459028935
56 57 1.4396951034122243
58 59 2.4391822308343603
58 60 1.8885226671564124
58 61 1.6979297778141058
58 62 1.7965862947679496
58 63 1.6330651169701005
58 57 2.0284897243672155
58 64 1.4442804309935124
58 65 1.8568771166397808
58 66 1.678799435963
58 67 1.8770543313586376
58 68 1.5826278715923987
58 69 2.0350145206532004
58 70 1.7658634017515993
59 58 2.4391822308343603
59 62 1.9317443113351
60 58 1.8885226671564124
60 61 1.4693762187676902
60 70 1.4400278839988123
71 69 1.4950306833484903
61 58 1.6979297778141058
61 60 1.4693762187676902
72 66 1.6348839223356202
62 58 1.7965862947679496
62 59 1.9317443113351
63 58 1.6330651169701005
57 56 1.4396951034122243
57 58 2.0284897243672155
64 58 1.4442804309935124
64 73 1.4650990916028013
65 58 1.8568771166397808
74 70 1.8540199845106242
66 58 1.678799435963
66 72 1.6348839223356202
73 64 1.4650990916028013
67 58 1.8770543313586376
68 58 1.5826278715923987
69 58 2.0350145206532004
69 71 1.4950306833484903
70 58 1.7658634017515993
70 74 1.8540199845106242
75 76 1.4019677560948631
76 77 1.3149860738390422
78 79 2.1974300493398196
80 79 2.358805792376927
81 79 2.499389340297747
82 79 2.3541743345395947
83 79 1.8962792201604526
84 79 2.139519286982848
85 79 10.826742946275083
86 79 2.7092729626346443
87 79 1.754403122271334
88 79 1.7298817659458676
79 78 2.1974300493398196
79 80 2.358805792376927
79 81 2.499389340297747
79 82 2.3541743345395947
79 83 1.8962792201604526
79 84 2.139519286982848
79 85 10.826742946275083
79 86 2.7092729626346443
79 87 1.754403122271334
79 88 1.7298817659458676
79 89 1.6957231750926136
79 90 2.3346042487832293
79 91 2.0811098239843986
79 92 1.7915255654705633
79 93 2.2643812419531217
79 94 1.7676670700807764
79 95 2.449072125527196
89 79 1.6957231750926136
90 79 2.3346042487832293
91 79 2.0811098239843986
92 79 1.7915255654705633
93 79 2.2643812419531217
94 79 1.7676670700807764
95 79 2.449072125527196
96 97 1.7457528938495184
98 99 2.0004032848382938
98 100 2.2844393083880936
99 98 2.0004032848382938
99 101 2.5693196663166944
99 102 2.083435283066464
103 104 2.286903730308095
105 106 2.302101562716717
105 101 1.8587383583499484
107 108 1.5439730365982474
108 107 1.5439730365982474
108 104 2.4848039632193215
109 102 1.9683835482491063
104 103 2.286903730308095
104 108 2.4848039632193215
104 102 1.6737972097451712
104 110 1.8773553246359482
104 111 2.017094066353941
104 112 2.820030886015555
106 105 2.302101562716717
106 97 2.256144365346577
106 102 1.9972852539227277
106 111 1.650299624029984
101 99 2.5693196663166944
101 105 1.8587383583499484
113 102 1.8593887316103115
97 96 1.7457528938495184
97 106 2.256144365346577
102 99 2.083435283066464
102 109 1.9683835482491063
102 104 1.6737972097451712
102 106 1.9972852539227277
102 113 1.8593887316103115
102 114 1.5142025263641732
102 111 1.627134266916473
114 102 1.5142025263641732
100 98 2.2844393083880936
100 112 1.7581359764668552
110 104 1.8773553246359482
110 111 1.416014581645556
111 104 2.017094066353941
111 106 1.650299624029984
111 102 1.627134266916473
111 110 1.416014581645556
112 104 2.820030886015555
112 100 1.7581359764668552
115 116 1.6890501770216488
115 117 1.6001381460711719
118 116 1.6228035627116169
118 117 1.519865745237654
119 117 1.7242154067974598
116 115 1.6890501770216488
116 118 1.6228035627116169
117 115 1.6001381460711719
117 118 1.519865745237654
117 119 1.7242154067974598
120 121 1.312279375159811
121 120 1.312279375159811
35 37 4.237694210887112
35 122 1.8279192811884093
35 123 2.833138773603568
124 125 6.237873485746761
125 124 6.237873485746761
125 37 1.5242165658656175
125 126 2.1669504327200055
127 128 1.7456751239601531
37 35 4.237694210887112
37 125 1.5242165658656175
37 129 5.700218451373303
37 126 2.414225870422698
37 122 4.6476952947702275
37 128 1.7907741462518905
129 37 5.700218451373303
129 122 2.3287926668522188
126 125 2.1669504327200055
126 37 2.414225870422698
126 130 7.998749498593677
126 123 1.8404406968248632
130 126 7.998749498593677
122 35 1.8279192811884093
122 37 4.6476952947702275
122 129 2.3287926668522188
122 123 3.3606187724471552
128 127 1.7456751239601531
128 37 1.7907741462518905
123 35 2.833138773603568
123 126 1.8404406968248632
123 122 3.3606187724471552
131 132 4.022131007313912
131 133 2.9360448546730584
131 134 2.7729023020237977
134 135 2.6575244375343807
135 134 2.6575244375343807
136 137 3.2288949111209244
138 137 5.878445007698591
139 137 4.284653750471847
140 137 6.307000351994241
141 137 4.81220274793529
142 137 2.626981240177706
143 79 4.907612395926439
143 144 3.6231535092415412
145 137 1.6858921053631732
79 143 4.907612395926439
79 137 4.549312272950274
146 137 2.1061013441270027
147 137 6.666390944856665
148 137 2.8439931947819597
149 137 3.1245678630489886
150 137 3.9387692305093895
151 137 2.78245536318768
137 136 3.2288949111209244
137 138 5.878445007698591
137 139 4.284653750471847
137 140 6.307000351994241
137 141 4.81220274793529
137 142 2.626981240177706
137 145 1.6858921053631732
137 79 4.549312272950274
137 146 2.1061013441270027
137 147 6.666390944856665
137 148 2.8439931947819597
137 149 3.1245678630489886
137 150 3.9387692305093895
137 151 2.78245536318768
137 152 5.153144886449199
137 144 5.717533159486177
152 137 5.153144886449199
144 143 3.6231535092415412
144 137 5.717533159486177
153 154 2.003713046697638
155 48 2.042346808172778
156 157 1.894006564002185
154 153 2.003713046697638
154 157 2.032647489431098
154 158 2.1490415633687725
154 48 2.0196656135328195
157 156 1.894006564002185
157 154 2.032647489431098
157 159 2.1903760441099993
157 160 2.31389137297438
157 161 2.111703115396341
157 162 2.103535165698246
163 164 2.4508866963190203
165 48 1.9964583708290582
159 157 2.1903760441099993
158 154 2.1490415633687725
164 163 2.4508866963190203
160 157 2.31389137297438
166 48 1.7387249476951778
161 157 2.111703115396341
162 157 2.103535165698246
48 155 2.042346808172778
48 154 2.0196656135328195
48 165 1.9964583708290582
48 166 1.7387249476951778
167 168 2.0940714952475927
167 169 1.4516912317761035
167 170 1.8665296087870034
167 171 1.7135795545740085
167 172 1.991828186442317
167 173 1.8362363061473292
174 175 1.4109772750613412
176 175 1.7633535490957946
176 177 1.780749301930127
178 175 1.597711070831227
178 179 1.5793503603903736
178 180 1.8106215435468171
175 174 1.4109772750613412
175 176 1.7633535490957946
175 178 1.597711070831227
175 181 1.4894587365437129
175 182 1.9840371255856608
175 183 1.8173723829921626
175 184 1.6699430229717782
175 185 1.7029271600117775
175 186 1.6686927379668228
175 180 1.7125321732296612
181 175 1.4894587365437129
182 175 1.9840371255856608
182 183 1.5472710347276215
183 175 1.8173723829921626
187 173 1.5824146750217791
188 184 1.5081841315767694
188 180 1.5409901423335284
189 185 2.145859195735556
189 180 1.6780955205451231
168 167 2.0940714952475927
169 167 1.4516912317761035
169 184 1.9985588914950254
184 175 1.6699430229717782
184 188 1.5081841315767694
184 169 1.9985588914950254
184 185 1.9212407113800951
184 190 2.120392905131127
184 179 1.5723049181761626
184 191 1.7815677989014955
170 167 1.8665296087870034
185 175 1.7029271600117775
185 189 2.145859195735556
185 184 1.9212407113800951
185 177 1.689496513436089
171 167 1.7135795545740085
177 176 1.780749301930127
177 185 1.689496513436089
177 180 1.6623623636362421
172 167 1.991828186442317
190 184 2.120392905131127
190 180 2.0065014436911115
179 178 1.5793503603903736
179 184 1.5723049181761626
186 175 1.6686927379668228
191 184 1.7815677989014955
191 180 1.7194728802578683
180 178 1.8106215435468171
180 175 1.7125321732296612
180 188 1.5409901423335284
180 189 1.6780955205451231
180 177 1.6623623636362421
180 190 2.0065014436911115
180 191 1.7194728802578683
173 167 1.8362363061473292
173 187 1.5824146750217791
192 193 4.063646263005248
192 194 4.069781998562837
124 195 2.9664678297393445
124 193 2.421534974796069
124 194 2.5586865330903663
196 195 4.046524196410324
197 195 4.091464705002554
198 195 4.284404216373945
198 193 3.8530156071113266
198 194 3.868934287536732
199 193 3.957829612218798
195 124 2.9664678297393445
195 196 4.046524196410324
195 197 4.091464705002554
195 198 4.284404216373945
195 200 3.762818327843828
195 130 4.123875048154078
195 201 3.684189637070951
195 202 3.36220173745847
195 203 5.893205314727992
195 204 3.1777886498912697
195 205 4.264249095531644
200 195 3.762818327843828
206 202 3.0980505341393396
130 195 4.123875048154078
130 194 3.7219822682439854
201 195 3.684189637070951
202 195 3.36220173745847
202 206 3.0980505341393396
202 193 2.830219679812526
193 192 4.063646263005248
193 124 2.421534974796069
193 198 3.8530156071113266
193 199 3.957829612218798
193 202 2.830219679812526
193 207 2.267323475393491
207 193 2.267323475393491
203 195 5.893205314727992
204 195 3.1777886498912697
194 192 4.069781998562837
194 124 2.5586865330903663
194 198 3.868934287536732
194 130 3.7219822682439854
205 195 4.264249095531644
208 209 1.3881838273113662
208 210 1.6693697030004624
211 212 1.3798190344937837
212 208 1.4409804059173628
209 208 1.3881838273113662
210 208 1.6693697030004624
2 6 2.9784906206457356
2 12 3.8976457882432745
213 6 4.881231333773372
6 2 2.9784906206457356
6 213 4.881231333773372
6 9 2.0161622780887702
6 214 5.386692294628569
6 215 5.1009607759144115
6 216 5.303281227656256
6 217 4.893011564462933
6 218 5.080649575542892
6 219 4.034112665913298
9 6 2.0161622780887702
214 6 5.386692294628569
215 6 5.1009607759144115
12 2 3.8976457882432745
216 6 5.303281227656256
217 6 4.893011564462933
218 6 5.080649575542892
219 6 4.034112665913298
220 221 1.4148038902642472
222 223 3.2616018829376525
212 224 2.238103097059629
225 221 1.3911352861081134
225 226 1.7412137280699995
223 222 3.2616018829376525
223 221 1.5441004211644858
223 224 2.6782673741266985
223 227 1.3633613051109637
221 220 1.4148038902642472
221 225 1.3911352861081134
221 223 1.5441004211644858
221 228 1.5921611023098508
221 224 2.511482097588443
221 229 1.6340504791331965
221 226 1.6328096265264762
228 221 1.5921611023098508
224 221 2.511482097588443
224 226 2.232615512898894
229 221 1.6340504791331965
227 223 1.3633613051109637
226 225 1.7412137280699995
226 221 1.6328096265264762
226 224 2.232615512898894
230 231 3.255560897990777
232 233 2.606883050199195
232 234 2.961109740993553
232 235 6.124427508351765
236 237 3.293033439283331
236 233 2.46464577916596
236 234 2.688739871590001
236 140 2.3527774435096784
236 238 3.509774994342553
236 239 3.3199584741732155
236 240 4.701984591124942
237 236 3.293033439283331
237 241 3.3256093575883092
237 242 2.748561075438424
237 243 2.488135872028862
233 232 2.606883050199195
233 236 2.46464577916596
233 244 2.1885244342437518
233 234 1.6565385621286632
233 245 3.036412230486125
233 246 3.629075100383076
233 247 1.7920472718177698
233 139 2.866353014218733
233 140 3.1075639690979124
233 142 4.797153843470905
233 248 2.6213013210931218
233 249 2.519956027994625
233 239 2.145198351198659
233 250 2.3871886836784006
233 251 2.2571352323899445
233 252 3.373435105709973
233 253 3.246183684497796
233 241 2.914434760385915
233 254 2.3858350042090093
233 255 3.2938251204496516
233 256 3.2899670689083744
233 152 2.9235161716993847
233 257 12.971373584092891
233 258 3.0678660175766916
233 259 2.741281783652414
233 242 3.015181055759938
233 260 3.4242605239581354
233 243 3.2501577734086133
233 261 2.7228070419378936
233 240 4.464268374852786
233 262 2.2905702999017263
233 263 3.1135473457333207
233 231 2.050516138218404
233 264 2.4743621200812083
233 265 1.9297957021049639
233 266 2.676842252765729
244 233 2.1885244342437518
244 234 2.5668120949326627
244 267 2.2205016160585034
244 239 2.762264215457867
244 268 3.7035073661176434
244 269 2.308903942659981
244 270 2.151122188361126
234 232 2.961109740993553
234 236 2.688739871590001
234 233 1.6565385621286632
234 244 2.5668120949326627
234 271 2.829430893367434
234 139 3.1391919745244987
234 272 2.8936006883447645
234 273 3.128666728489637
234 274 3.0351040526994963
234 140 3.4540104438200467
234 141 3.1389598250127904
234 142 4.81238760233723
234 275 4.314100902063237
234 248 2.514766712870197
234 276 2.6652814582217936
234 277 1.6262276907718642
234 249 2.8875838250825714
234 239 2.1264919826939543
234 278 2.9070970201095134
234 279 2.0044978944433183
234 250 2.1867303206284667
234 251 2.053504565616266
234 280 2.4748259028730972
234 252 3.0172434994918222
234 281 2.5668827241968954
234 282 13.264248125014033
234 241 3.2386131170850136
234 254 2.6273769539071945
234 255 3.4207105170052556
234 256 3.6244667041742993
234 268 4.218461358539285
234 283 3.0736555050778835
234 258 3.3050813682673517
234 259 3.0929430861958878
234 284 3.547027708834655
234 242 3.2193100638480794
234 260 3.8036445484609693
234 243 3.406280304427482
234 261 2.8297906112926787
234 240 4.131174048077953
234 269 3.570921861459821
234 262 2.6283028113436133
234 263 3.442900240582461
234 285 1.8680756247875412
234 286 1.7374205764484048
234 231 2.13427086261736
234 270 3.4107795787478854
234 264 2.219469182889786
234 287 3.115730605316333
234 265 2.2698052301525955
234 288 3.355893435581376
245 233 3.036412230486125
245 238 3.5121003638058026
245 270 2.4280464398927855
245 289 3.028040318661432
290 261 1.6447699612441204
246 233 3.629075100383076
246 140 2.6220542119974035
246 238 2.427088915923872
246 242 1.890329225038254
246 287 2.173615676635217
291 250 2.4726378633742048
271 234 2.829430893367434
271 268 2.8939008378770072
247 233 1.7920472718177698
247 241 2.459385009206722
267 244 2.2205016160585034
267 231 3.2206194228591634
292 252 3.016737842802914
292 231 2.0479898411870807
139 233 2.866353014218733
139 234 3.1391919745244987
139 140 3.3728857516978654
139 253 3.4272080702410133
139 289 1.8003188586001722
272 234 2.8936006883447645
273 234 3.128666728489637
274 234 3.0351040526994963
140 236 2.3527774435096784
140 233 3.1075639690979124
140 234 3.4540104438200467
140 246 2.6220542119974035
140 139 3.3728857516978654
140 279 3.1977437765002965
140 243 2.6933817317915767
140 261 2.7950066977110644
141 234 3.1389598250127904
141 265 2.5832708829824753
141 266 1.8092318364096802
142 233 4.797153843470905
142 234 4.81238760233723
238 236 3.509774994342553
238 245 3.5121003638058026
238 246 2.427088915923872
238 248 3.816716734628117
238 253 3.764393437478502
238 241 3.5772390136499665
238 283 3.005017321676208
238 242 2.973299402154006
238 243 2.6914597612800293
238 269 4.068469436910985
238 262 3.966575399352342
238 231 3.9395674019196214
238 287 3.3195729687134006
275 234 4.314100902063237
248 233 2.6213013210931218
248 234 2.514766712870197
248 238 3.816716734628117
248 293 3.3747637713873466
294 250 2.0921214394881007
276 234 2.6652814582217936
276 239 1.8439484602975553
295 279 2.925555775571588
295 262 2.368812499404251
277 234 1.6262276907718642
296 240 2.745174173251168
249 233 2.519956027994625
249 234 2.8875838250825714
249 239 3.1377045197811717
249 253 2.0333433439503903
239 236 3.3199584741732155
239 233 2.145198351198659
239 244 2.762264215457867
239 234 2.1264919826939543
239 276 1.8439484602975553
239 249 3.1377045197811717
239 279 1.8536065334331886
239 280 1.8972608495281573
239 253 3.8946989770541265
239 241 3.6489856064124093
239 284 4.134184309838325
239 242 3.8720153342842316
239 144 3.8146092142302557
239 285 2.4236820662057585
239 231 2.903391236199809
239 270 3.3907632254751556
239 287 3.656017465288988
278 234 2.9070970201095134
278 270 1.7818011269247251
279 234 2.0044978944433183
279 140 3.1977437765002965
279 295 2.925555775571588
279 239 1.8536065334331886
279 250 2.8601510535118146
279 258 2.5910794648515836
279 269 3.2013115958940674
279 287 3.1052298626151247
293 248 3.3747637713873466
293 283 3.367138065771997
293 258 2.339492023236547
250 233 2.3871886836784006
250 234 2.1867303206284667
250 291 2.4726378633742048
250 294 2.0921214394881007
250 279 2.8601510535118146
250 243 2.9833102747953824
251 233 2.2571352323899445
251 234 2.053504565616266
251 297 2.2202449949566407
280 234 2.4748259028730972
280 239 1.8972608495281573
252 233 3.373435105709973
252 234 3.0172434994918222
252 292 3.016737842802914
252 231 3.724289563025683
252 264 3.084475833974347
298 231 2.495403282862468
281 234 2.5668827241968954
282 234 13.264248125014033
297 251 2.2202449949566407
297 241 3.1188978785349004
297 258 3.3890861132458916
297 264 2.1292468844229067
253 233 3.246183684497796
253 139 3.4272080702410133
253 238 3.764393437478502
253 249 2.0333433439503903
253 239 3.8946989770541265
253 268 3.103662607024537
253 258 3.714372080594171
241 237 3.3256093575883092
241 233 2.914434760385915
241 234 3.2386131170850136
241 247 2.459385009206722
241 238 3.5772390136499665
241 239 3.6489856064124093
241 297 3.1188978785349004
241 258 3.7154289299074414
254 233 2.3858350042090093
254 234 2.6273769539071945
254 151 3.0964888568174636
254 262 2.7762268937587278
255 233 3.2938251204496516
255 234 3.4207105170052556
255 285 3.0229302345434137
255 299 2.6926003502365434
256 233 3.2899670689083744
256 234 3.6244667041742993
256 235 5.4305418648645345
151 254 3.0964888568174636
268 244 3.7035073661176434
268 234 4.218461358539285
268 271 2.8939008378770072
268 253 3.103662607024537
268 261 2.6868831073442405
268 287 2.6405514649757187
268 300 12.306778630448045
283 234 3.0736555050778835
283 238 3.005017321676208
283 293 3.367138065771997
235 232 6.124427508351765
235 256 5.4305418648645345
152 233 2.9235161716993847
257 233 12.971373584092891
258 233 3.0678660175766916
258 234 3.3050813682673517
258 279 2.5910794648515836
258 293 2.339492023236547
258 297 3.3890861132458916
258 253 3.714372080594171
258 241 3.7154289299074414
258 242 4.3078356549769214
258 269 3.457432730704296
258 301 3.0235113376603193
259 233 2.741281783652414
259 234 3.0929430861958878
259 285 2.726890730925456
284 234 3.547027708834655
284 239 4.134184309838325
242 237 2.748561075438424
242 233 3.015181055759938
242 234 3.2193100638480794
242 246 1.890329225038254
242 238 2.973299402154006
242 239 3.8720153342842316
242 258 4.3078356549769214
242 231 2.3923396238131653
144 239 3.8146092142302557
260 233 3.4242605239581354
260 234 3.8036445484609693
243 237 2.488135872028862
243 233 3.2501577734086133
243 234 3.406280304427482
243 140 2.6933817317915767
243 238 2.6914597612800293
243 250 2.9833102747953824
261 233 2.7228070419378936
261 234 2.8297906112926787
261 290 1.6447699612441204
261 140 2.7950066977110644
261 268 2.6868831073442405
240 236 4.701984591124942
240 233 4.464268374852786
240 234 4.131174048077953
240 296 2.745174173251168
240 231 4.177671340474857
302 231 1.8843988373528702
269 244 2.308903942659981
269 234 3.570921861459821
269 238 4.068469436910985
269 279 3.2013115958940674
269 258 3.457432730704296
262 233 2.2905702999017263
262 234 2.6283028113436133
262 238 3.966575399352342
262 295 2.368812499404251
262 254 2.7762268937587278
263 233 3.1135473457333207
263 234 3.442900240582461
285 234 1.8680756247875412
285 239 2.4236820662057585
285 255 3.0229302345434137
285 259 2.726890730925456
286 234 1.7374205764484048
231 230 3.255560897990777
231 233 2.050516138218404
231 234 2.13427086261736
231 267 3.2206194228591634
231 292 2.0479898411870807
231 238 3.9395674019196214
231 239 2.903391236199809
231 252 3.724289563025683
231 298 2.495403282862468
231 242 2.3923396238131653
231 240 4.177671340474857
231 302 1.8843988373528702
231 270 3.2405083521760245
231 264 2.171536212258893
231 301 2.300503050399246
270 244 2.151122188361126
270 234 3.4107795787478854
270 245 2.4280464398927855
270 239 3.3907632254751556
270 278 1.7818011269247251
270 231 3.2405083521760245
264 233 2.4743621200812083
264 234 2.219469182889786
264 252 3.084475833974347
264 297 2.1292468844229067
264 231 2.171536212258893
264 299 1.6888064195199681
287 234 3.115730605316333
287 246 2.173615676635217
287 238 3.3195729687134006
287 239 3.656017465288988
287 279 3.1052298626151247
287 268 2.6405514649757187
301 258 3.0235113376603193
301 231 2.300503050399246
265 233 1.9297957021049639
265 234 2.2698052301525955
265 141 2.5832708829824753
288 234 3.355893435581376
300 268 12.306778630448045
266 233 2.676842252765729
266 141 1.8092318364096802
299 255 2.6926003502365434
299 264 1.6888064195199681
289 245 3.028040318661432
289 139 1.8003188586001722
303 304 1.799638925946496
304 303 1.799638925946496
305 306 1.816858239015796
306 305 1.816858239015796
307 308 3.8393300836679054
309 308 4.264976059394412
15 310 2.8571654568163574
15 311 3.613561658649047
15 308 4.5429425899776525
312 313 2.165919758919579
312 308 4.289329904586733
313 312 2.165919758919579
313 13 2.0120693308591155
313 308 3.543563225923922
13 313 2.0120693308591155
310 15 2.8571654568163574
314 308 3.0388886144029175
311 15 3.613561658649047
308 307 3.8393300836679054
308 309 4.264976059394412
308 15 4.5429425899776525
308 312 4.289329904586733
308 313 3.543563225923922
308 314 3.0388886144029175
136 315 3.437609487096344
316 315 1.4361986768103394
317 318 1.7567578696927364
317 315 1.6055239867098647
318 317 1.7567578696927364
318 315 1.5913306125445346
318 319 6.002806725113031
320 315 1.7040875014170551
315 136 3.437609487096344
315 316 1.4361986768103394
315 317 1.6055239867098647
315 318 1.5913306125445346
315 320 1.7040875014170551
315 132 6.151103436774909
315 133 8.48621089654366
315 321 1.4769629070807695
315 322 2.1880557091090305
315 145 4.9180192697948435
315 319 5.772469583984432
315 323 1.635208814483612
315 324 1.543253795942546
132 315 6.151103436774909
133 315 8.48621089654366
321 315 1.4769629070807695
322 315 2.1880557091090305
145 315 4.9180192697948435
319 318 6.002806725113031
319 315 5.772469583984432
325 315 1.541103760311139
323 315 1.635208814483612
323 325 1.4825075371859726
324 315 1.543253795942546
326 327 1.8043528315946433
327 326 1.8043528315946433
328 329 13.038480269069677
329 328 13.038480269069677
329 330 13.04010203804989
329 331 11.088438479919258
329 332 9.583110818827592
330 329 13.04010203804989
331 329 11.088438479919258
331 332 3.2969767326270145
332 329 9.583110818827592
332 331 3.2969767326270145
333 334 3.3828027961429177
335 300 1.6717073254900177
335 334 3.406459929444386
336 337 5.5484234732830915
300 335 1.6717073254900177
300 334 3.32045002958936
334 335 3.406459929444386
334 300 3.32045002958936
334 338 3.5886693663016755
334 337 2.7971730862413766
338 333 1.6149356325770097
337 336 5.5484234732830915
337 334 2.7971730862413766
339 340 1.6983436916944528
339 341 1.6722436749584655
342 340 1.8571303127546748
41 340 5.630038830501683
343 340 3.2177475562069113
344 340 3.4029836850049007
345 340 2.336302813453419
346 340 2.5145643121570416
347 340 2.8395997411110536
348 340 2.721173493253734
349 340 3.0461966180752973
349 350 3.2722329238754964
349 341 3.119167064832117
351 340 2.991739970942626
352 340 3.0329821894324005
353 340 1.9086865618509172
353 350 2.1993256736411846
353 354 2.8115304549059026
353 355 2.2727689428460067
353 356 4.099715103092256
353 357 3.898078169071588
358 340 2.7319340014527724
359 340 3.716597338221317
360 340 3.507370702538801
361 340 1.9710132524420718
330 340 5.914578006942724
362 340 3.032188402569849
303 350 3.8012671815902115
303 341 4.591528284258498
340 339 1.6983436916944528
340 342 1.8571303127546748
340 41 5.630038830501683
340 343 3.2177475562069113
340 344 3.4029836850049007
340 345 2.336302813453419
340 346 2.5145643121570416
340 347 2.8395997411110536
340 348 2.721173493253734
340 349 3.0461966180752973
340 351 2.991739970942626
340 352 3.0329821894324005
340 353 1.9086865618509172
340 358 2.7319340014527724
340 359 3.716597338221317
340 360 3.507370702538801
340 361 1.9710132524420718
340 330 5.914578006942724
340 362 3.032188402569849
340 331 4.102518742909147
340 363 2.649323043804742
340 364 1.9588749147929496
340 350 2.258874669250215
340 365 2.450842926997726
340 366 1.781850110785279
340 367 2.1859987444114717
340 368 2.290260948013973
340 354 2.8257492642572823
340 355 2.8990745854058853
340 369 3.909155554077041
340 356 4.642080437121816
340 370 1.7470269020465463
340 371 2.2613616162339576
340 357 4.4475071285143875
340 372 2.3984523503747246
340 373 1.6955475554365471
340 374 2.2101554677772755
340 375 2.016253987265834
340 376 1.7226244600831122
340 377 2.070839751806182
331 340 4.102518742909147
363 340 2.649323043804742
364 340 1.9588749147929496
350 349 3.2722329238754964
350 353 2.1993256736411846
350 303 3.8012671815902115
350 340 2.258874669250215
350 354 1.89281609064736
350 341 2.2660893299863556
365 340 2.450842926997726
366 340 1.781850110785279
367 340 2.1859987444114717
367 341 2.1204370914084816
368 340 2.290260948013973
354 353 2.8115304549059026
354 340 2.8257492642572823
354 350 1.89281609064736
354 341 2.846120736964343
355 353 2.2727689428460067
355 340 2.8990745854058853
355 341 2.8393345801598606
369 340 3.909155554077041
356 353 4.099715103092256
356 340 4.642080437121816
370 340 1.7470269020465463
371 340 2.2613616162339576
357 353 3.898078169071588
357 340 4.4475071285143875
341 339 1.6722436749584655
341 349 3.119167064832117
341 303 4.591528284258498
341 350 2.2660893299863556
341 367 2.1204370914084816
341 354 2.846120736964343
341 355 2.8393345801598606
341 376 1.6587956738431195
372 340 2.3984523503747246
373 340 1.6955475554365471
374 340 2.2101554677772755
375 340 2.016253987265834
376 340 1.7226244600831122
376 341 1.6587956738431195
377 340 2.070839751806182
378 379 3.4027415604450555
378 380 2.656023972567784
132 380 3.6003564900881493
379 378 3.4027415604450555
379 381 2.660914935458292
379 380 2.1607214196686937
381 379 2.660914935458292
381 380 1.7901833624412418
380 378 2.656023972567784
380 132 3.6003564900881493
380 379 2.1607214196686937
380 381 1.7901833624412418
380 382 1.6880393581914959
382 380 1.6880393581914959
383 48 4.260844051676676
384 385 5.709338707255436
385 384 5.709338707255436
385 48 5.612780486810943
386 48 2.8199554947641197
54 48 5.876127459028935
387 48 2.927573344496354
48 383 4.260844051676676
48 385 5.612780486810943
48 386 2.8199554947641197
48 54 5.876127459028935
48 387 2.927573344496354
388 389 3.672694918765706
388 161 4.371534327650602
390 199 3.490650444492133
192 159 1.798760379678348
391 156 2.6348727026915295
391 161 2.6466289642171037
58 199 2.9144313931504473
58 156 2.878094988895975
58 159 2.413721118762823
392 199 3.9674126959841645
392 389 3.59451661392445
383 199 4.628200035375842
124 199 2.837217108689229
124 156 2.885004078597584
124 393 3.160938308429096
124 159 3.3331832937640224
124 389 2.646876897572498
47 389 2.8293279294649567
394 389 2.580879799771542
395 159 2.371433725862529
396 159 2.3709719470538677
396 161 2.6760961736467994
397 199 2.573372054418011
397 156 2.644557575541466
397 159 2.974503709019095
397 389 2.216921070287751
397 161 2.8587090591982265
398 156 2.8577398031968873
398 389 2.806430450686999
197 199 2.33577195583968
197 161 2.5222188358119384
399 389 1.9450694209343469
400 199 3.0811916325966124
400 156 3.1546372699007117
400 389 2.691698022538801
198 389 1.8541115230105667
384 156 1.8479399949239546
401 199 2.5969776835641865
401 159 2.5838652721389375
401 389 2.320595096341232
402 199 3.0678136585463247
402 156 3.1370936084007486
402 389 2.722593166462774
403 159 2.2791119342960275
404 199 3.4784042452487
404 155 3.1613250493344425
404 389 3.0950208001879496
199 390 3.490650444492133
199 58 2.9144313931504473
199 392 3.9674126959841645
199 383 4.628200035375842
199 124 2.837217108689229
199 397 2.573372054418011
199 197 2.33577195583968
199 400 3.0811916325966124
199 401 2.5969776835641865
199 402 3.0678136585463247
199 404 3.4784042452487
199 405 2.565974598723619
199 406 3.5035433044705786
199 407 3.000455108245853
199 155 1.915925614001993
199 408 2.594539204372982
199 409 2.5106262852560417
199 410 3.9644125272685793
199 411 2.765424063545108
199 157 1.8197219220019192
199 159 1.7765984641447532
199 412 2.077438745891043
199 413 4.379197219814186
199 414 3.216406564229874
199 415 4.132259450409537
199 416 4.268351413387128
199 417 4.342029790489584
199 418 2.248508705005507
199 419 3.674271815979557
199 420 1.7729392575513194
199 421 2.0122218367356695
199 422 3.826493230491014
199 52 5.651712121078126
199 423 2.2399247494200707
199 424 2.094368900099104
199 164 2.9831800712865575
199 425 2.3805736559770962
199 193 3.957829612218798
199 160 2.8241751660728136
199 207 3.0731553438184314
199 426 3.3248826890028713
199 427 1.9795222590643309
199 428 2.4270519372704746
199 429 2.425309903578004
199 430 4.692028497645637
199 431 4.465462595950208
199 432 2.4275155152847203
199 433 1.9460582007995715
199 203 4.0744499581415585
199 434 2.8585335342885307
199 435 3.5876395174030455
199 436 2.746715666364188
199 437 1.9546653483867487
199 438 3.3547591590360732
199 166 2.026854365036574
199 306 5.532282352582084
199 439 3.4502828250959685
199 161 1.9142942604058821
199 440 2.2542858297141457
199 441 2.3041190073181417
199 442 2.1973841453650014
199 443 2.607280081339894
199 444 3.878165869767599
199 162 2.6138593296777968
199 445 2.4763157285908104
199 48 1.815852250838091
405 199 2.565974598723619
406 199 3.5035433044705786
406 156 3.577770717593107
406 393 3.6452903219851005
406 159 3.810865942398471
406 389 3.1148496961537457
406 161 3.5969631780324507
446 156 2.2431791002039754
407 199 3.000455108245853
407 156 3.071393077671319
407 393 3.031422661911497
407 159 3.1693667263390513
407 389 2.6241223794367894
407 161 2.891566630869042
155 404 3.1613250493344425
155 199 1.915925614001993
155 156 1.9481859400046742
155 389 1.8600103003712332
447 412 1.9824808046828908
447 158 1.911876439003648
447 207 3.182040793984523
447 203 4.077235234207315
447 436 2.791413794008031
408 199 2.594539204372982
408 156 2.5372268684480064
156 391 2.6348727026915295
156 58 2.878094988895975
156 124 2.885004078597584
156 397 2.644557575541466
156 398 2.8577398031968873
156 400 3.1546372699007117
156 384 1.8479399949239546
156 402 3.1370936084007486
156 406 3.577770717593107
156 446 2.2431791002039754
156 407 3.071393077671319
156 155 1.9481859400046742
156 408 2.5372268684480064
156 51 2.0529236111379694
156 412 2.0693492515508627
156 413 4.450023400794515
156 414 3.2650693810483835
156 448 2.4716663272657655
156 420 1.7996518261118675
156 201 2.1455864433932774
156 449 3.262522073636658
156 202 2.4930438359013976
156 424 2.165721417483091
156 450 2.419845877461023
156 451 1.7785174252186224
156 160 2.894756213486213
156 207 3.1256148320867108
156 452 2.2429909201775238
156 427 2.025457295249833
156 386 3.273370210796247
156 435 3.6558250787507354
156 436 2.8187078183678036
156 438 3.4290183245787076
156 453 2.21339173024755
156 440 2.3282543962658213
156 443 2.628444871893235
156 454 2.247415700322919
156 162 2.686258254439392
409 199 2.5106262852560417
410 199 3.9644125272685793
410 159 4.45495252828638
410 389 3.89746798892873
411 199 2.765424063545108
411 393 2.9311131903052234
411 159 3.103602642943443
411 389 2.3806358702852712
411 161 2.928515356358119
157 199 1.8197219220019192
455 159 2.0415318408308503
163 159 2.1408853626271256
163 161 2.037241853324626
456 412 2.066161508849495
51 156 2.0529236111379694
51 159 2.471302953784556
393 124 3.160938308429096
393 406 3.6452903219851005
393 407 3.031422661911497
393 411 2.9311131903052234
393 413 4.394085689634075
393 424 2.327144895063458
393 164 3.113928637132258
393 207 3.3857421535491965
393 386 3.1887924530018
393 203 3.980201250506595
393 435 3.5736317474305723
393 436 2.8007708632683155
393 437 2.1678672990617054
393 389 1.8556219663269906
393 438 3.4667175459717825
393 440 2.3749973157603956
393 441 2.223371000855642
159 192 1.798760379678348
159 58 2.413721118762823
159 124 3.3331832937640224
159 395 2.371433725862529
159 396 2.3709719470538677
159 397 2.974503709019095
159 401 2.5838652721389375
159 403 2.2791119342960275
159 199 1.7765984641447532
159 406 3.810865942398471
159 407 3.1693667263390513
159 410 4.45495252828638
159 411 3.103602642943443
159 455 2.0415318408308503
159 163 2.1408853626271256
159 51 2.471302953784556
159 413 4.51914230353832
159 418 2.428435303242293
159 421 2.303367020665892
159 449 3.730561439347631
159 423 2.3934969550988585
159 424 2.508295209004986
159 164 3.278856784685113
159 425 2.829517251557444
159 451 1.917559133987603
159 160 3.22783899906287
159 74 2.28609997067357
159 207 3.561909085492025
159 427 1.9509670569742412
159 386 3.3080912174081982
159 432 2.6431899077339636
159 203 4.059832933362507
159 435 3.6912870571149465
159 436 2.948051321240251
159 389 2.0366490495424436
159 204 3.037321216818574
159 440 2.54296914910685
159 441 2.333719316738006
159 442 2.5411340616837044
159 48 2.2311553017882257
412 199 2.077438745891043
412 447 1.9824808046828908
412 156 2.0693492515508627
412 456 2.066161508849495
412 389 2.2004755625889443
457 161 2.818053965929945
413 199 4.379197219814186
413 156 4.450023400794515
413 393 4.394085689634075
413 159 4.51914230353832
413 389 4.001321648318724
413 161 4.214505854017487
414 199 3.216406564229874
414 156 3.2650693810483835
414 389 3.0110258319722227
414 161 3.723529590739786
415 199 4.132259450409537
416 199 4.268351413387128
417 199 4.342029790489584
418 199 2.248508705005507
418 159 2.428435303242293
418 161 2.188735444365035
458 389 2.3500622382308967
448 156 2.4716663272657655
419 199 3.674271815979557
419 389 3.3250317574542247
420 199 1.7729392575513194
420 156 1.7996518261118675
420 389 1.7891642424600485
421 199 2.0122218367356695
421 159 2.303367020665892
421 389 2.3182669378929566
421 161 2.5815258222318738
459 161 2.438035140662108
422 199 3.826493230491014
422 389 3.8024948606888422
52 199 5.651712121078126
201 156 2.1455864433932774
449 156 3.262522073636658
449 159 3.730561439347631
423 199 2.2399247494200707
423 159 2.3934969550988585
202 156 2.4930438359013976
158 447 1.911876439003648
424 199 2.094368900099104
424 156 2.165721417483091
424 393 2.327144895063458
424 159 2.508295209004986
424 389 1.7475708025414447
164 199 2.9831800712865575
164 393 3.113928637132258
164 159 3.278856784685113
164 389 2.5921832289161264
425 199 2.3805736559770962
425 159 2.829517251557444
425 161 2.77370828388385
193 199 3.957829612218798
450 156 2.419845877461023
451 156 1.7785174252186224
451 159 1.917559133987603
451 161 1.791043716643958
160 199 2.8241751660728136
160 156 2.894756213486213
160 159 3.22783899906287
160 389 2.47044129647601
74 159 2.28609997067357
207 199 3.0731553438184314
207 447 3.182040793984523
207 156 3.1256148320867108
207 393 3.3857421535491965
207 159 3.561909085492025
207 389 2.8462536260103732
207 161 3.558193522350744
426 199 3.3248826890028713
452 156 2.2429909201775238
427 199 1.9795222590643309
427 156 2.025457295249833
427 159 1.9509670569742412
386 156 3.273370210796247
386 393 3.1887924530018
386 159 3.3080912174081982
386 389 2.848439483928331
386 161 3.0012689230226735
428 199 2.4270519372704746
429 199 2.425309903578004
430 199 4.692028497645637
431 199 4.465462595950208
432 199 2.4275155152847203
432 159 2.6431899077339636
432 389 2.0478012952575844
433 199 1.9460582007995715
433 389 2.1288328495871207
203 199 4.0744499581415585
203 447 4.077235234207315
203 393 3.980201250506595
203 159 4.059832933362507
203 389 3.75496131372582
203 161 3.720187299091853
434 199 2.8585335342885307
434 389 2.4942979113098316
434 161 2.7095559577826975
435 199 3.5876395174030455
435 156 3.6558250787507354
435 393 3.5736317474305723
435 159 3.6912870571149465
435 389 3.2249028614173247
436 199 2.746715666364188
436 447 2.791413794008031
436 156 2.8187078183678036
436 393 2.8007708632683155
436 159 2.948051321240251
436 389 2.365147160823404
436 161 2.6921240367456107
437 199 1.9546653483867487
437 393 2.1678672990617054
437 389 2.2820189029760902
389 388 3.672694918765706
389 392 3.59451661392445
389 124 2.646876897572498
389 47 2.8293279294649567
389 394 2.580879799771542
389 397 2.216921070287751
389 398 2.806430450686999
389 399 1.9450694209343469
389 400 2.691698022538801
389 198 1.8541115230105667
389 401 2.320595096341232
389 402 2.722593166462774
389 404 3.0950208001879496
389 406 3.1148496961537457
389 407 2.6241223794367894
389 155 1.8600103003712332
389 410 3.89746798892873
389 411 2.3806358702852712
389 393 1.8556219663269906
389 159 2.0366490495424436
389 412 2.2004755625889443
389 413 4.001321648318724
389 414 3.0110258319722227
389 458 2.3500622382308967
389 419 3.3250317574542247
389 420 1.7891642424600485
389 421 2.3182669378929566
389 422 3.8024948606888422
389 424 1.7475708025414447
389 164 2.5921832289161264
389 160 2.47044129647601
389 207 2.8462536260103732
389 386 2.848439483928331
389 432 2.0478012952575844
389 433 2.1288328495871207
389 203 3.75496131372582
389 434 2.4942979113098316
389 435 3.2249028614173247
389 436 2.365147160823404
389 437 2.2820189029760902
389 438 2.9629533160398047
389 161 1.988399957014075
389 441 2.028520277467461
389 162 2.23034450801752
389 445 2.1192234701122583
438 199 3.3547591590360732
438 156 3.4290183245787076
438 393 3.4667175459717825
438 389 2.9629533160398047
